# oST version 5.0 parameters


[image]

width
320

height
240

[narrow_stereo]

camera matrix
103.968649 -0.061061 159.151978
0.000000 105.433543 119.495957
0.000000 0.000000 1.000000

distortion
-0.025484 0.762673 -1.128748 0.355396

rectification
1.000000 0.000000 0.000000
0.000000 1.000000 0.000000
0.000000 0.000000 1.000000

projection
103.968649 -0.061061 159.151978 0.000000
0.000000 105.433543 119.495957 0.000000
0.000000 0.000000 1.000000 0.000000
